abjad.OrderedDict(
    [
        (
            "bol_measure_numbers",
            [
                1,
                10,
                17,
                26,
                35,
                45,
                63,
                79,
                86,
                96,
                107,
                115,
                124,
                134,
                144,
                154,
                164,
                174,
                198,
                205,
                215,
                226,
                235,
                245,
                255,
            ],
        ),
        ("paper_size", "ledger"),
        ("price", "\\$29 / \\euro 29"),
    ]
)
